351
256
19
551
816
789
534
911
346
86
584
640
479
622
497
638
451
594
186
574
124
669
733
394
89
34
44
568
615
20
463
790
157
854
10
40
444
285
420
389
909
151
682
713
404
220
692
631
855
110
974
353
627
120
827
361
930
266
661
24
737
966
370
920
32
31
333
863
971
326
768
318
305
959
522
671
436
714
0
697
53
164
981
893
727
425
210
612
184
947
438
356
964
637
799
758
197
1005
135
860
571
51
545
273
140
84
225
660
746
696
364
653
995
695
857
817
114
504
572
649
956
784
832
284
177
514
281
295
145
409
386
208
826
185
316
566
412
475
142
576
127
327
700
589
58
800
900
495
476
756
244
293
249
36
191
209
242
276
501
304
29
143
25
294
858
65
702
685
810
556
876
747
936
264
358
996
415
458
195
308
269
76
66
434
85
844
359
596
384
760
482
917
764
107
467
55
887
607
128
684
79
172
752
181
116
903
288
162
592
248
538
643
207
33
474
519
193
96
960
907
851
291
891
97
484
330
969
113
828
47
578
767
430
440
691
932
23
449
307
738
271
321
237
952
334
884
502
802
710
239
205
202
624
587
100
716
569
233
16
1001
619
379
632
516
680
115
629
371
123
610
550
865
261
888
442
940
109
231
1003
363
512
511
856
595
50
978
339
573
699
675
1
762
807
21
219
674
740
664
300
323
49
681
336
30
998
914
771
91
741
792
804
662
536
829
642
751
15
666
360
979
861
614
211
445
950
103
881
324
967
958
487
754
968
54
198
655
17
277
850
238
633
459
582
513
462
483
170
182
602
835
223
736
921
228
822
770
375
194
590
677
26
167
452
843
972
845
977
175
897
618
217
332
387
441
541
342
528
849
510
976
200
949
213
106
743
912
663
80
240
310
659
41
121
791
679
755
4
399
331
818
270
42
1006
355
668
319
338
951
443
567
229
117
423
437
508
75
581
250
206
806
493
665
265
67
221
894
460
149
765
372
9
830
99
616
61
580
401
252
402
227
345
480
450
963
670
183
83
246
955
101
155
133
812
929
301
769
814
93
915
374
7
801
390
874
597
549
22
46
77
214
601
560
224
883
820
742
557
395
525
772
1007
935
757
432
984
147
898
275
539
565
45
719
466
505
864
821
1008
267
885
492
315
605
654
204
965
585
908
613
635
690
925
570
72
927
14
617
944
651
337
683
623
173
226
922
39
531
926
761
2
446
328
12
658
496
579
735
13
405
431
481
715
973
158
313
435
234
245
499
896
542
472
839
141
870
775
314
416
255
433
720
383
410
544
408
362
325
813
598
889
507
500
722
739
725
555
138
368
656
910
349
196
928
840
343
403
824
954
676
188
447
919
357
344
478
426
943
222
166
648
562
354
391
199
439
543
303
868
989
698
901
317
263
823
650
942
880
448
11
71
931
454
156
773
48
783
150
485
137
398
469
645
132
819
634
457
118
729
134
985
189
797
176
604
877
329
878
489
992
988
763
159
385
43
160
809
62
948
456
941
131
529
882
429
378
609
165
251
628
112
641
709
745
38
837
731
811
192
494
728
94
28
906
287
734
970
686
872
283
726
60
290
591
526
503
161
259
785
382
759
73
421
953
559
694
708
990
547
558
148
846
780
796
136
848
993
603
104
473
102
82
583
35
352
842
873
717
414
924
892
724
707
95
899
411
838
982
825
335
778
774
766
490
289
834
174
187
902
904
815
862
718
68
152
464
564
781
322
712
381
831
247
139
367
749
488
808
852
90
945
537
687
64
646
975
588
27
153
563
171
417
215
179
218
913
938
672
309
608
254
793
575
297
392
6
795
606
468
260
280
673
312
706
599
905
524
523
369
81
407
230
212
554
923
126
611
453
533
657
203
620
779
63
92
236
146
997
991
422
703
1009
396
424
498
119
366
341
105
957
461
216
52
753
87
163
871
302
987
593
243
934
521
721
961
178
711
939
866
527
311
859
253
296
644
517
257
306
639
274
400
853
918
980
678
78
689
786
70
787
365
241
983
340
693
895
933
491
886
122
292
515
37
520
667
373
836
723
278
879
586
169
471
465
777
688
130
57
548
867
380
1002
376
413
782
129
348
111
125
427
262
180
803
561
732
788
56
320
553
540
841
704
388
869
630
798
532
546
625
794
268
74
750
477
258
946
8
69
621
347
59
600
3
552
805
509
577
168
286
518
744
748
272
636
535
647
847
350
418
962
282
705
986
937
486
1004
626
890
393
916
833
98
419
455
875
299
154
994
470
108
406
999
