47 816
54 584
126 574
130 351
237 479
427 186
465 186
486 346
515 351
694 551
705 574
716 256
798 497
815 256
846 789
888 346
978 574
1189 186
1295 256
1473 574
1475 351
1589 574
1596 186
1655 86
1783 451
1830 551
1923 622
2149 551
2171 574
2426 640
2574 186
2685 594
2743 186
2758 256
2760 186
2808 256
3056 574
3078 186
3363 574
3536 574
3770 584
3797 534
3845 534
3862 638
3889 256
3960 789
3982 256
3989 789
4098 594
4160 186
4222 594
4274 534
4289 534
4467 186
4733 789
4738 789
4767 594
4770 816
4819 534
4879 346
4928 534
4977 594
5012 497
5187 638
5212 351
5270 186
5452 640
5506 19
5599 638
5705 256
5752 351
5817 534
5835 19
5957 574
6015 351
6060 256
6091 594
6244 256
6263 256
6275 584
6365 574
6405 640
6555 19
6556 622
6603 638
6667 574
6681 351
6743 86
6920 594
6936 19
6947 256
6999 19
7068 594
7113 574
7218 574
7244 622
7319 186
7432 534
7572 816
7602 640
7973 574
8018 186
8153 640
8191 574
8445 19
8660 186
8857 186
8875 256
9007 497
9087 346
9095 534
9119 534
9264 594
9323 574
9346 19
9384 594
9460 594
9487 584
9555 594
9622 584
9753 186
9817 911
9862 640
9907 86
10166 594
10194 594
10252 186
10257 789
10266 346
10382 186
10421 551
10437 638
10444 584
10477 574
10491 594
10609 451
10626 186
10758 534
10760 584
10957 186
11043 186
11106 86
11215 186
11288 594
11327 594
11341 351
11360 594
11481 86
11487 911
11527 574
11652 86
11769 638
11937 584
11977 86
12002 594
12088 551
12678 497
12700 86
12716 346
12806 256
12849 594
12890 346
12927 594
12929 186
12939 256
12947 186
12975 256
13205 186
13221 256
13253 789
13385 186
13444 574
13613 186
13637 594
13826 256
13903 186
13928 574
13931 594
14043 351
14095 911
14131 584
14209 256
14235 789
14366 186
14459 574
14500 256
14576 594
14695 451
14921 594
15020 574
15165 551
15192 789
15395 186
15776 346
15783 256
15806 584
15867 497
16087 497
16120 638
16122 534
16152 574
16160 479
16190 638
16250 479
16267 351
16285 256
16359 451
16743 789
16868 186
16935 351
17061 594
17070 186
17160 594
17283 256
17368 551
17531 574
17578 256
17707 594
17735 789
17821 86
17846 551
17859 594
17873 86
17962 789
17983 256
18135 256
18160 534
18334 19
18576 640
18681 584
19060 186
19068 534
19149 534
19199 86
19345 186
19644 789
19739 186
19928 584
20088 256
20129 186
20143 622
20213 256
20329 534
20363 256
20454 256
20483 497
20503 19
20519 497
20548 594
20746 497
20839 594
20901 256
21175 351
21203 479
21236 186
21296 574
21303 86
21589 584
21701 584
21730 451
21824 574
21888 534
21948 451
22053 479
22067 816
22127 574
22151 451
22254 789
22293 551
22430 256
22621 574
22635 256
22725 584
22830 256
22863 256
23129 534
23134 86
23144 534
23332 594
23551 186
23638 638
23689 816
23765 351
23788 186
23827 256
24121 574
24272 256
24415 86
24506 186
24589 534
24695 640
24811 534
24895 451
24975 638
25375 346
25378 479
25383 186
25544 584
25629 574
25642 574
25751 534
25770 574
25814 574
25817 256
25888 186
25929 594
25947 594
26115 594
26219 584
26499 86
26575 574
26679 594
26715 584
26738 256
26786 789
26826 551
26899 346
27210 256
27238 19
27350 594
27364 497
27473 640
27507 594
27530 789
27585 86
27720 497
27771 638
27818 186
27839 19
28147 256
28185 534
28208 574
28440 346
28515 346
28701 816
28715 574
28749 451
28879 351
28898 351
28926 497
29141 594
29171 186
29311 816
29394 638
29411 551
29429 186
29635 816
29654 622
29729 574
29730 186
29769 551
29778 186
30036 574
30157 594
30279 346
30307 86
30495 816
30621 256
30715 594
30741 622
30804 638
30853 789
30855 594
30908 594
30923 19
31355 594
31388 186
31459 622
31485 86
31700 256
31738 638
31779 346
31958 574
31960 534
31982 86
32002 816
32034 86
32039 594
32111 86
32150 186
32168 574
32197 594
32265 551
32270 911
32432 594
32437 789
32440 19
32483 594
32685 534
32703 186
32780 256
32835 346
32912 594
32933 86
33109 638
33127 584
33245 256
33282 86
33338 186
33348 551
33365 186
33591 479
33649 594
33730 479
33964 816
34077 594
34094 534
34105 594
34206 594
34228 256
34334 451
34563 911
34633 789
34665 534
34878 638
34908 574
35199 789
35272 256
35490 256
35496 911
35623 638
35738 256
35739 186
35781 256
35830 594
35937 594
35955 186
36086 594
36164 186
36247 534
36330 256
36393 186
36468 351
36481 186
36578 816
36596 551
36680 451
36785 86
36978 351
37138 351
37252 584
37298 256
37305 534
37360 551
37410 584
37461 638
37469 86
37593 594
37785 638
37861 186
37939 574
38258 534
38262 584
38270 479
38312 351
38322 638
38371 594
38427 551
38497 19
38525 86
38599 186
38637 186
38657 256
39265 186
39331 479
39507 638
39817 816
39921 594
39926 594
39932 789
40050 622
40201 86
40417 816
40528 346
40539 911
40552 594
40592 256
40669 86
40788 186
40884 534
41118 594
41382 622
41451 640
41865 816
41870 86
41885 584
41907 86
41928 86
42018 594
42075 86
42128 638
42295 86
42414 19
42458 594
42495 594
42593 86
42731 574
42860 574
42867 584
42902 534
42935 534
43288 789
43405 574
43625 256
43720 186
43933 534
43983 574
44048 497
44247 534
44306 186
44311 351
44349 86
44354 346
44395 594
44419 622
44692 451
44731 534
44811 622
44839 638
44877 789
45049 622
45075 638
45229 816
45285 638
45375 186
45457 451
45563 346
45819 789
45953 256
45983 351
46035 638
46044 911
46268 186
46619 186
46640 638
46649 479
46653 186
46995 594
47072 86
47156 816
47237 256
47248 789
47306 574
47317 479
47465 574
47751 584
47804 640
47851 594
47894 451
47951 86
48060 816
48137 186
48162 551
48193 497
48301 256
48434 186
48509 594
48790 451
48838 584
49057 256
49063 256
49141 186
49217 594
49278 86
49307 186
49321 534
49522 622
49774 256
49791 256
49818 19
50047 574
50069 256
50192 638
50215 594
50257 640
50443 816
50462 256
50485 789
50556 186
50584 186
50585 256
50611 186
50628 789
50724 256
50735 638
50766 351
50822 534
50881 497
50891 479
50963 534
51022 640
51253 497
51326 86
51421 497
51651 584
51693 86
51848 594
51889 816
51901 551
51918 86
51919 638
51956 186
51958 622
52118 86
52199 594
52253 86
52447 594
52479 497
52535 256
52700 497
52726 534
52843 534
52985 186
53265 186
53499 816
53698 86
53790 584
53824 551
53990 622
54010 574
54077 534
54139 346
54150 574
54174 584
54183 638
54197 86
54215 574
54222 584
54240 256
54256 789
54417 594
54433 534
54534 19
54539 816
54619 574
54751 19
54764 86
54777 816
54862 638
55114 186
55279 256
55292 497
55395 594
55406 451
55649 574
55681 574
56000 574
56025 346
56053 497
56073 351
56169 816
56251 594
56315 346
56377 622
56396 86
56446 574
56451 186
56469 574
56697 534
56869 584
56916 911
56983 534
57120 816
57246 346
57257 911
57302 256
57406 351
57446 574
57468 186
57761 534
57892 640
57934 584
58019 534
58064 789
58116 256
58680 186
58764 534
58816 816
58907 816
58913 789
58932 574
59027 186
59068 622
59167 534
59203 497
59237 594
59337 816
59440 86
59448 574
59491 186
59586 816
59587 256
59617 19
59623 640
59652 594
59722 19
59856 594
60075 574
60233 638
60240 186
60303 640
60359 186
60403 638
60457 186
60539 640
60564 594
60567 594
60744 451
60846 574
60872 534
61064 186
61137 256
61240 622
61256 574
61461 594
61647 574
61657 789
61778 346
61921 351
61944 186
62017 186
62289 789
62306 594
62454 351
62646 640
62649 256
62714 638
62726 551
62779 638
62814 86
62862 638
63028 351
63029 186
63064 622
63258 638
63366 574
63487 256
63640 638
63740 816
63749 256
63767 789
63837 497
63852 451
63890 451
64005 497
64028 451
64248 584
64266 594
64407 551
64412 594
64639 816
64867 256
64907 186
64935 86
65004 594
65132 638
65184 86
65222 911
65250 594
65326 186
65359 638
65506 451
65550 351
65699 594
65985 622
66017 574
66284 19
66300 622
66318 86
66403 594
66421 451
66427 256
66480 816
66554 574
66578 584
66723 638
66807 256
66837 638
66908 816
66993 638
67036 574
67095 911
67153 256
67196 789
67210 451
67240 638
67258 534
67272 256
67362 574
67390 346
67428 256
67431 256
67629 346
67846 551
68203 451
68245 816
68575 551
68640 256
68678 186
68727 584
68870 186
68951 638
69159 256
69174 497
69375 640
69602 256
69640 451
69658 551
70054 638
70085 574
70225 911
70238 256
70392 584
70432 622
70542 594
70546 346
70625 186
70662 640
70826 451
70915 346
70917 256
70925 19
70957 594
71094 638
71216 256
71477 640
71563 534
71704 574
71729 346
71739 638
71763 584
71805 551
72123 256
72203 186
72294 638
72380 534
72434 351
72852 640
72911 816
72970 479
72984 351
73118 346
73136 638
73222 256
73290 186
73296 86
73509 479
73600 534
73638 497
73775 451
73829 584
73903 638
73976 594
74001 594
74012 574
74162 574
74230 256
74320 816
74452 574
74542 594
74699 594
74779 479
74846 638
74994 86
75058 551
75076 497
75103 346
75160 574
75203 574
75285 186
75399 640
75446 186
75484 451
75585 256
75603 534
75912 19
75996 186
76013 789
76050 351
76150 551
76224 574
76248 256
76401 497
76439 534
76538 534
76627 186
76644 351
76745 256
76939 638
76947 638
77008 351
77065 256
77068 256
77128 451
77142 584
77208 574
77307 816
77372 622
77448 594
77452 638
77466 594
77486 584
77542 346
77695 594
77701 911
77788 186
77937 816
77995 351
78228 86
78293 622
78341 451
78455 351
78485 86
78507 584
78606 574
78868 497
78893 86
79252 640
79350 534
79405 574
79584 86
79655 497
79673 186
79713 594
79865 574
79876 816
80138 594
80173 351
80246 594
80300 574
80598 346
80599 789
80844 497
80857 574
80906 86
80945 638
81088 451
81363 256
81369 638
81434 594
81641 346
81752 534
81806 594
81902 256
82008 640
82029 256
82041 256
82053 638
82196 256
82284 19
82354 551
82482 534
82494 551
82614 574
82671 186
82682 479
82690 186
82856 574
82941 256
82948 186
83066 622
83067 186
83141 551
83169 638
83213 789
83297 186
83320 351
83530 911
83615 256
83676 622
83749 186
83917 351
84173 622
84181 256
84207 186
84307 186
84509 816
84524 86
84607 451
84784 816
84895 86
85001 534
85007 574
85092 497
85254 86
85636 497
85676 594
85878 584
85919 497
85949 622
85990 534
86003 638
86119 346
86156 497
86180 584
86271 574
86277 186
86345 551
86372 594
86376 640
86528 594
86655 346
86739 584
86781 346
86808 640
86811 574
86860 534
86894 584
86896 638
87171 497
87260 186
87460 911
87492 351
87507 574
87593 594
87871 638
88002 638
88035 256
88107 594
88204 574
88261 789
88291 622
88419 256
88637 574
88648 594
88755 256
88802 351
89093 534
89153 574
89167 497
89184 594
89224 640
89302 186
89500 574
89512 86
89602 497
89858 574
89974 789
90247 594
90303 186
90391 574
90451 256
90466 551
90495 346
90714 816
90787 816
90835 594
90916 574
91036 574
91059 594
91215 789
91263 186
91450 351
91573 86
91612 19
91614 19
91692 256
91699 497
91727 497
91762 816
91779 346
91799 911
91836 594
92026 574
92264 351
92292 256
92581 186
92592 594
92605 451
92682 186
92692 534
92757 86
92785 638
92907 256
92960 789
92967 816
93015 256
93082 584
93374 186
93378 256
93438 622
93520 346
93563 622
93649 351
93666 574
93700 186
93762 594
93830 816
93920 186
93928 640
93974 594
94140 256
94273 574
94380 346
94508 256
94538 19
94556 256
94625 497
94706 186
94881 574
94911 638
94937 86
94989 186
95011 256
95017 594
95079 594
95080 638
95168 186
95233 594
95306 594
95565 86
95606 594
95631 186
95682 19
95691 86
96164 186
96325 789
96349 256
96468 594
96508 911
96553 816
96571 622
96595 351
96816 594
96830 638
96891 19
96948 256
96962 256
97100 594
97185 451
97217 594
97275 186
97363 497
97431 594
97445 622
97533 186
97642 256
97778 186
97792 622
97812 256
97836 574
97930 622
97944 789
97992 594
98020 86
98071 534
98139 256
98217 86
98333 479
98392 186
98623 816
98636 451
98640 186
98653 256
98675 594
98874 451
99034 256
99599 256
99781 256
99873 19
99994 551
99998 186
100191 574
100251 594
100310 816
100446 479
100686 186
100699 584
100702 816
100827 497
100854 638
101040 816
101086 186
101123 574
101342 186
101421 534
101490 19
101501 497
101761 594
101832 479
101907 911
102008 622
102188 594
102242 584
102718 451
102906 451
102928 19
102934 638
102956 256
102974 451
103033 497
103124 584
103141 594
103246 534
103285 19
103455 256
103462 640
103611 640
103625 594
103650 256
103652 256
103655 534
103738 594
103807 911
103973 186
104153 816
104193 594
104504 534
104508 551
104548 346
104550 186
104559 451
104947 497
105121 594
105147 622
105239 594
105439 451
105540 594
105807 256
105908 256
105921 594
106019 256
106047 186
106118 256
106135 816
106145 640
106369 574
106405 351
106457 186
106502 256
106633 789
106890 816
106920 451
107068 186
107104 640
107132 351
107232 497
107538 534
107579 551
107672 346
107732 534
107753 640
107776 186
108181 451
108308 584
108386 86
108431 534
108527 497
108693 594
108721 534
109009 789
109087 534
109233 451
109242 186
109343 534
109350 351
109409 451
109533 551
109639 640
109742 186
109853 640
109943 584
110054 346
110072 816
110261 622
110293 911
110383 256
110430 594
110454 86
110524 594
110529 186
110658 86
111143 574
111198 186
111226 346
111271 256
111503 584
112064 911
112105 594
112150 451
112236 594
112242 256
112270 186
112350 497
112365 574
112442 186
112525 638
112528 479
112553 551
112668 186
112738 534
112758 256
112917 574
112940 186
112963 451
113235 551
113302 497
113589 574
113603 594
113756 594
113789 638
113799 351
113873 479
113945 574
114130 186
114200 584
114357 186
114381 638
114419 86
114463 551
114534 622
114588 534
114801 594
114904 19
114979 574
114993 256
115044 551
115103 186
115169 594
115232 640
115322 594
115520 186
115562 346
115678 594
115804 186
115875 594
115920 256
115979 186
116020 638
116037 584
116097 594
116152 256
116308 19
116397 594
116440 816
116618 186
116645 622
116661 594
116709 186
116751 816
116802 351
117145 534
117156 186
117244 594
117333 574
117413 594
117460 534
117559 19
117641 86
117642 86
117668 574
117752 594
117810 186
117813 816
117860 479
117879 256
118044 19
118162 574
118249 451
118307 594
118329 789
118552 256
118801 551
118880 574
119067 256
119145 594
119173 911
119186 451
119361 256
119466 534
119481 534
119671 19
119703 86
119860 584
119865 186
119941 594
120005 584
120098 816
120162 19
120406 346
120493 574
120503 19
120631 256
120648 594
120677 551
120779 186
120865 186
120897 638
120921 574
120937 186
121047 256
121134 638
121180 584
121332 256
121486 256
121501 86
121564 574
121580 451
121606 574
121666 594
121744 186
121843 816
121848 86
122024 551
122134 574
122212 574
122248 19
122314 594
122402 816
122589 594
122676 584
122808 640
122846 534
122877 816
123069 816
123074 816
123146 186
123266 351
123294 186
123370 622
123434 186
123498 789
123731 534
123732 816
123786 497
123787 186
123873 574
124135 256
124155 186
124264 346
124502 638
124522 351
124727 789
124764 451
124772 594
124776 789
124907 594
124932 816
124949 451
125026 594
125059 574
125102 86
125311 574
125402 638
125573 256
125583 594
125724 351
125782 594
125876 574
125986 19
126196 638
126544 911
126546 256
126750 789
126768 574
126886 638
126887 594
126952 351
126975 534
127173 534
127223 86
127359 594
127408 551
127428 594
127462 574
127609 479
127651 574
127757 186
128002 256
128011 594
128042 186
128053 19
128090 638
128119 638
128292 574
128346 256
128352 256
128517 816
128694 256
128772 534
128914 574
128926 584
129100 256
129155 19
129295 186
129453 351
129603 497
129631 346
129634 594
129647 186
129678 186
129860 594
129891 574
129896 534
130029 640
130082 584
130219 551
130274 789
130305 19
130323 19
130382 186
130540 816
130731 186
130852 640
130896 256
130950 551
130968 186
131101 256
131144 346
131224 497
131363 186
131445 638
131501 256
131561 497
131593 19
131624 351
131730 256
131743 451
131814 640
131815 186
131818 789
131842 622
131846 622
131937 574
131994 640
132002 584
132042 534
132194 534
132385 86
132418 19
132489 186
132498 594
132518 351
132562 346
132563 186
132605 638
132693 551
132714 816
132720 574
133329 574
133368 256
133502 186
133550 594
133594 640
133803 256
133880 584
133976 594
134239 186
134322 479
134439 86
134694 534
134753 86
134892 534
134901 497
134902 594
135051 497
135204 351
135316 534
135326 19
135333 789
135440 186
135451 351
135487 594
135742 789
135755 640
135757 789
135822 186
136573 186
136670 574
136698 256
136763 256
136896 594
136932 186
137127 574
137181 479
137209 584
137549 622
137632 256
137789 574
137984 816
138062 534
138150 574
138265 86
138476 534
138547 584
138691 534
138700 256
138752 351
138833 186
138966 534
139008 497
139125 816
139183 574
139191 594
139248 346
139712 351
139804 256
139889 256
140315 256
140337 19
140512 584
140712 351
140731 351
140794 534
140886 479
140932 911
141033 256
141096 534
141273 594
141293 351
141328 186
141333 451
141355 594
141430 346
141501 256
141577 594
141650 584
141828 594
141863 186
141864 594
141895 346
141950 186
142004 638
142138 534
142143 594
142364 86
142391 584
142392 497
142823 534
142834 256
142967 256
143017 638
143246 86
143499 594
143604 351
143611 594
143646 594
143706 534
143800 256
143916 594
144025 584
144167 638
144229 574
144288 256
144522 594
144556 451
144565 574
144598 574
144611 351
144639 186
144792 186
145107 186
145163 534
145206 351
145253 19
145385 256
145551 594
145624 186
145778 351
145885 594
145931 594
146027 534
146096 638
146097 451
146174 186
146515 186
146788 622
146897 574
146950 451
146991 186
146992 574
147148 622
147191 816
147332 816
147392 638
147448 574
147452 638
147459 534
147514 534
147599 534
147744 816
147774 816
147903 816
147911 256
148283 789
148670 351
148744 816
148788 638
148849 594
148872 351
149012 256
149100 451
149136 346
149291 789
149323 186
149399 584
149412 816
149433 256
149791 351
149851 534
149882 816
149889 534
149942 256
150060 816
150092 574
150173 574
150325 638
150405 86
150569 622
150662 594
150669 497
150709 497
150748 186
150887 594
150988 551
151019 816
151070 594
151180 594
151212 351
151421 584
151431 19
151470 186
151519 256
151568 594
151608 574
151654 551
151719 574
151722 640
151903 497
152001 256
152089 351
152240 551
152424 574
152450 534
152526 256
152726 640
152940 256
153041 574
153058 594
153068 551
153109 479
153145 534
153173 574
153203 594
153342 534
153532 186
153778 186
154005 789
154114 574
154124 256
154134 911
154236 186
154298 19
154391 911
154460 911
154506 479
154572 86
154847 638
154911 534
155024 584
155054 594
155142 186
155268 638
155385 622
155396 479
155404 594
155719 256
155736 186
155737 574
155792 594
155852 534
155887 638
155996 351
156023 574
156126 256
156176 551
156251 551
156371 574
156391 86
156492 638
156849 534
156856 551
156869 534
156925 534
156972 256
157095 574
157211 640
157215 256
157224 622
157254 346
157381 640
157423 19
157480 497
157481 19
157576 86
157615 574
157723 574
157772 256
157779 497
157927 186
158032 911
158411 816
158531 186
158543 86
158745 816
158762 574
158984 479
159028 186
159197 911
159254 534
159255 256
159324 256
159374 594
159377 594
159453 638
159478 551
159482 594
159649 584
159751 574
159772 594
159826 574
159889 346
159904 351
159912 186
159926 594
159948 574
160004 640
160089 451
160130 551
160172 640
160187 911
160263 594
160383 256
160437 584
160523 256
160558 256
160680 19
160694 789
160729 584
160868 640
160902 256
160937 351
160967 584
161128 594
161230 584
161241 256
161289 497
161339 622
161383 574
161496 638
161547 186
161602 816
161691 534
161694 86
161761 86
161835 534
161900 574
162011 86
162159 789
162301 19
162377 346
162384 638
162564 497
162630 574
162661 640
162676 594
162739 638
162765 911
162832 479
162897 256
162988 86
163029 256
163034 551
163055 186
163168 622
163322 256
163446 19
163538 256
163549 256
163699 86
163728 351
164524 256
164597 911
164605 497
164663 574
164739 451
164849 186
164977 186
165057 186
165172 186
165261 534
165282 816
165349 594
165380 351
165448 186
165495 19
165559 534
165593 86
165599 640
165733 594
165745 594
166029 816
166053 574
166130 911
166198 622
166255 19
166279 594
166364 186
166465 186
166969 534
167022 584
167182 816
167201 497
167226 186
167647 640
167771 622
167848 256
167949 551
168052 346
168076 816
168136 816
168295 594
168342 594
168446 19
168452 497
168453 497
168498 638
168669 479
168695 256
168747 19
169104 551
169134 816
169245 574
169255 451
169379 594
169592 186
169771 789
169927 451
170069 594
170218 256
170341 594
170388 256
170508 816
170543 911
170612 789
170705 497
170739 594
170747 911
170846 534
170853 479
171151 186
171429 351
171475 594
171507 574
171533 594
171580 351
171658 86
171767 256
171771 19
172044 816
172069 186
172088 789
172255 911
172393 574
172414 186
172477 789
172641 86
172646 594
172804 19
172875 594
172880 551
172909 86
172983 186
173393 622
173520 186
173594 594
173844 186
173845 186
173966 451
174030 574
174064 19
174118 256
174494 594
174504 594
174589 594
174665 551
174739 497
174775 86
174777 186
174852 479
174899 594
175019 256
175095 584
175096 622
175116 594
175310 346
175387 594
175390 346
175398 911
175407 186
175457 789
175517 186
175521 594
175572 351
175712 86
175730 574
175754 594
175928 256
175971 186
175999 638
176275 19
176390 534
176424 584
176464 186
176799 551
176861 551
176882 594
176942 574
176945 497
177040 584
177091 19
177107 19
177111 186
177149 640
177451 574
177458 351
177495 479
177512 186
177793 86
177801 594
177841 186
177863 497
177926 584
178011 574
178389 186
178503 551
178651 86
178864 256
178955 911
179033 911
179241 584
179498 622
179632 584
179739 816
179762 574
179781 594
179851 451
179868 86
180061 186
180134 574
180168 534
180169 816
180216 451
180455 451
180482 789
180536 594
180557 594
180595 622
180726 86
180737 574
180759 534
181090 534
181352 574
181654 186
181695 594
181900 451
181942 574
182032 594
182119 638
182144 86
182178 640
182264 594
182361 594
182423 497
182544 186
182678 351
182976 86
183164 911
183364 497
183467 816
183488 594
183513 534
183531 479
183588 594
183609 86
183720 638
183728 186
183769 256
183794 534
183826 451
183910 574
183934 256
183978 594
183993 594
184006 622
184063 638
184064 574
184110 186
184305 594
184697 86
184743 186
184882 594
184927 638
185248 789
185281 594
185386 256
185398 640
185634 497
185664 789
185842 638
185867 584
185990 584
186119 638
186209 497
186319 186
186489 534
186610 534
186651 638
186668 584
186757 594
186865 86
186999 497
187030 534
187059 594
187179 86
187227 574
187283 497
187355 594
187405 186
187452 816
187470 574
187476 19
187518 638
187643 911
187734 574
187932 640
188019 574
188151 256
188221 816
188368 534
188386 19
188706 186
188928 479
189088 497
189118 346
189208 594
189233 497
189261 594
189595 186
189801 594
189851 346
189956 594
190126 574
190219 594
190230 19
190281 19
190434 594
190467 594
190554 551
190565 574
190697 594
190732 186
190799 574
190870 584
191067 574
191080 640
191276 451
191363 574
191386 346
191446 638
191629 574
192210 638
192462 574
192760 594
192772 789
192811 574
192852 534
192881 497
192934 497
192974 19
193012 534
193032 451
193034 186
193086 186
193155 186
193174 816
193249 574
193583 574
193775 640
193901 86
193947 186
194056 594
194127 574
194183 256
194265 534
194343 789
194612 622
194620 186
194699 19
194727 451
194736 186
194747 534
194803 479
194830 256
194847 19
194909 638
194933 186
195011 574
195068 594
195071 594
195085 351
195142 911
195225 534
195280 789
195417 351
195497 789
195852 186
195967 86
196184 638
196233 186
196293 594
196294 256
196427 911
196546 186
196557 451
196627 186
196679 574
196700 256
196781 551
196930 186
196993 186
197115 497
197192 534
197210 497
197423 584
197770 86
197837 574
197951 816
198144 256
198241 186
198250 911
198297 789
198313 638
198487 574
198556 346
198700 256
198740 256
198860 497
198972 640
199197 638
199358 789
199429 584
199462 594
199509 911
199594 346
199649 186
199686 640
199855 638
199857 574
199874 534
199952 19
200132 584
200181 19
200183 911
200247 19
200345 816
200480 551
200724 638
200772 497
200831 256
200832 451
200871 451
200922 594
200944 451
200985 594
201032 816
201185 574
201232 256
201233 256
201288 86
201302 497
201305 186
201541 638
201600 186
201655 789
201752 256
201886 256
201993 497
201997 256
202200 186
202250 186
202282 186
202288 551
202492 186
202508 594
202767 186
202794 534
202951 584
203036 256
203693 351
203713 584
203746 186
203800 534
203873 638
203886 451
203993 86
204003 640
204132 574
204159 19
204267 574
204381 584
204607 584
204618 256
204671 256
204705 186
204712 534
204918 638
204989 534
205035 640
205066 584
205180 574
205308 256
205316 551
205384 622
205409 534
205709 497
205721 594
205816 256
205914 816
205939 594
205973 186
206061 256
206243 574
206261 186
206354 574
206470 346
206490 186
206579 594
206657 584
206713 256
206733 186
206814 256
206857 574
206858 19
206902 534
206931 256
206935 551
206937 551
206970 584
207170 816
207172 551
207350 256
207428 451
207456 256
207571 584
207710 86
207887 551
207995 911
208117 584
208272 346
208334 19
208390 789
208391 574
208469 638
208498 816
208537 640
208653 534
208753 256
208878 594
208966 594
208991 574
209139 551
209183 534
209470 594
209532 86
209571 574
209817 256
210002 256
210042 594
210374 186
210665 584
210673 551
211023 789
211037 256
211074 594
211675 640
211890 574
212032 19
212246 86
212270 86
212295 816
212384 451
212403 346
212439 479
212551 256
212990 256
213054 594
213096 351
213185 186
213202 622
213484 622
213574 622
213591 19
213682 551
213698 594
213877 86
213880 86
213884 574
213957 19
213992 584
214009 497
214132 346
214186 86
214312 574
214347 574
214404 346
214515 911
214864 497
214876 451
214889 186
214911 789
214998 256
215245 594
215298 534
215389 351
215426 638
215445 256
215461 574
215526 594
215636 622
215742 479
215759 86
215895 86
215929 186
215945 451
216083 186
216109 594
216120 534
216125 256
216136 186
216155 911
216277 911
216292 497
216418 451
216699 186
216763 19
216789 551
216905 256
216926 256
217036 186
217086 534
217204 19
217239 19
217425 551
217599 574
217795 534
217806 479
217959 594
218014 86
218385 574
218423 186
218742 186
218761 256
218823 351
218952 351
218979 351
219214 451
219280 534
219326 594
219363 594
219439 594
219463 551
219499 594
219760 186
219765 497
219830 256
219838 497
219845 574
219893 19
219958 256
220100 534
220207 534
220265 86
220346 574
220402 186
220476 594
220499 816
220506 574
220595 186
220678 551
221137 186
221416 186
221436 256
221486 584
221574 256
221758 551
221829 86
221863 816
221919 186
221931 351
221949 186
222015 479
222103 186
222143 451
222165 622
222229 534
222253 622
222378 186
222501 594
222545 584
222691 574
222702 594
222831 574
222853 256
222860 256
222894 256
222920 534
222952 86
223047 574
223154 479
223453 256
223526 789
223567 594
223659 86
223758 86
223789 574
223806 497
223827 351
223869 186
224116 574
224151 86
224237 574
224615 19
224642 86
224819 479
224852 186
224863 594
224983 574
224987 351
224996 594
225022 640
225141 622
225202 86
225262 551
225281 594
225332 186
225399 479
225577 574
225657 19
225690 594
225935 584
225963 497
226051 451
226064 256
226098 594
226114 346
226135 256
226528 256
226691 638
226893 551
226908 638
226969 911
227024 186
227103 186
227110 186
227144 594
227235 86
227264 19
227376 256
227563 86
227612 584
227718 584
227723 256
227916 551
227991 574
228159 816
228161 186
228206 551
228254 497
228506 186
228510 256
228518 789
228668 186
228823 497
228908 622
228917 816
228978 186
228992 534
229054 19
229138 594
229311 186
229354 551
229530 594
229617 622
229790 186
229982 256
230043 256
230178 816
230434 186
230437 451
230480 86
230585 534
230604 594
230627 594
230690 186
230693 451
230715 574
230749 584
230763 534
230767 346
230787 256
230875 256
230881 594
231015 346
231021 256
231048 351
231259 256
231270 186
231317 256
231485 186
231634 256
231682 574
231769 574
231850 574
231871 19
231974 640
232021 574
232488 86
232493 186
232635 451
232680 594
232723 594
232792 816
232805 574
232954 497
233091 594
233347 497
233376 584
233445 19
233514 256
233582 534
233591 256
233603 256
233889 534
234009 534
234083 256
234317 186
234406 551
234422 789
234685 789
234700 594
234918 346
234976 584
234990 574
235026 19
235040 351
235093 594
235101 816
235127 346
235134 551
235220 186
235571 789
235717 574
235832 534
235866 574
235916 551
235950 594
235990 551
235999 534
236041 551
236189 574
236197 638
236241 574
236273 534
236391 816
236669 19
236870 574
236926 256
237248 186
237252 186
237458 574
237524 584
237570 640
237576 186
237581 789
237614 574
237686 594
237772 256
237803 186
237867 534
237960 346
238020 594
238038 584
238070 594
238308 256
238405 451
238460 19
238597 816
238698 256
239127 574
239153 346
239200 594
239297 534
239407 86
239557 19
239798 574
239839 574
239913 816
239919 351
239941 186
240027 256
240135 86
240199 186
240208 346
240586 640
240594 640
240607 534
240663 186
240931 534
240941 346
241137 622
241167 574
241173 19
241289 186
241477 256
241722 351
241829 911
241843 346
241890 451
242066 256
242182 186
242297 346
242499 351
242528 911
242641 638
242761 640
242809 640
242833 86
242866 86
243021 256
243212 584
243552 256
243589 534
243781 534
243802 911
243847 186
243923 19
243961 584
243979 584
244015 534
244056 497
244064 594
244075 497
244168 186
244207 534
244247 789
244306 534
244367 789
244497 584
244589 594
244754 816
244924 497
244931 19
245190 256
245308 86
245328 186
245383 640
245406 594
245558 574
245746 789
245842 911
245911 584
245912 551
245935 351
245948 816
246020 497
246105 346
246159 86
246182 256
246435 551
246853 574
246951 186
247012 497
247106 816
247131 451
247138 534
247142 351
247260 86
247354 594
247373 351
247559 497
247634 594
247690 574
247812 346
247954 451
248075 186
248151 451
248166 640
248217 186
248304 638
248357 186
248464 256
248495 594
248515 638
248580 594
248594 451
248638 789
248681 186
248783 622
248893 256
248981 911
249015 351
249069 640
249093 346
249169 638
249203 594
249428 551
249430 497
249435 451
249559 534
249566 186
249577 256
249719 186
249740 19
249755 186
249827 346
249894 584
250006 186
250012 574
250108 622
250395 186
250407 584
250488 534
250539 640
250571 534
250708 497
250795 186
251118 816
251217 594
251316 594
251354 256
251403 186
251413 351
251512 256
251524 551
251534 622
251665 574
251808 574
251812 186
251931 19
251984 594
252145 256
252159 186
252253 638
252391 574
252469 911
252568 451
252622 256
252660 638
252942 594
253256 594
253300 534
253436 594
253549 594
253721 186
253742 256
253775 594
253801 574
253806 584
253808 479
253851 186
253874 574
253962 594
254133 451
254231 346
254282 594
254349 911
254437 638
254443 638
254495 584
254620 551
254622 346
254672 497
254774 256
254847 19
254989 594
255045 594
255072 551
255326 551
255453 256
255462 346
255465 594
255575 911
255578 256
255816 551
255874 594
255891 638
255954 534
255966 594
256456 594
256458 497
256475 186
256481 594
256639 574
256737 351
256819 638
256833 479
256896 594
256913 638
256941 584
257229 622
257454 574
257493 594
257534 256
257554 351
257611 497
257645 497
257681 86
257718 584
257721 638
257723 534
257992 584
258036 256
258043 594
258091 584
258179 346
258184 551
258354 584
258416 19
258437 534
258527 638
258744 256
258775 186
258832 638
258918 816
258970 594
259049 256
259157 497
259190 497
259295 534
259479 594
259503 640
259520 351
259574 584
259596 534
259745 816
259749 534
259764 19
259784 551
259848 638
260051 451
260194 574
260437 351
260675 640
260861 640
260977 638
261031 86
261086 256
261291 186
261327 186
261365 789
261410 186
261562 622
261626 816
261750 86
261827 479
262037 186
262060 789
262132 256
262391 451
262471 86
262501 497
262545 638
262739 186
262769 256
262910 816
263017 86
263041 638
263062 638
263139 574
263241 551
263509 351
263512 256
263515 479
263518 640
263548 351
263705 622
263746 584
263872 346
263933 574
263937 479
264000 594
264184 497
264212 584
264300 534
264373 622
264401 479
264457 256
264473 256
264582 479
264743 911
265225 640
265228 594
265267 584
265391 911
265498 479
265553 911
265571 622
265589 479
265678 584
265719 256
265861 622
265877 789
265929 346
265959 534
266179 186
266415 816
266435 86
266464 351
266537 186
266625 86
266673 497
266830 346
266848 789
266910 816
267088 574
267196 594
267211 638
267213 19
267240 256
267284 351
267286 497
267331 574
267390 551
267436 534
267538 479
267626 551
267673 789
267679 640
267831 346
267975 186
268004 256
268026 594
268103 638
268121 351
